$ANSIBLE_VAULT;1.1;AES256
64663432633735616335656466626536653938386139663430656535376431303931363965336436
3662613932336165323334666535393632303961616161610a373262346436643761643766303864
63636433333034393364323334643563306437636265383734633935313830346532313762373339
3762306133633931330a346532626231663838393035613036656332356136396336396532623335
65623662313932353138643432653939343837636535616133353532346230353135353238613637
38623036613235393535643865633030633833326332333233663764393766636666313265323537
32353966633733623234346334646661373163323862623662346363373232363062356330343536
35336330373962346663646339336231336134613734383263646230633534393062653131393662
35366430643738336134333032363666616636643134356639636161383964633066316261633339
33326633623161306236346438626136323236373366323034383934346363643830656664663365
64623562333039336339663462366335643161373737356164393933306233373331623566633138
37313936303133346430326138333264303735353436383864643032313962306136303531636331
30633963373162373035646366323234393636386430393930363238653663663166303937633166
62613163376364643631333631633834333061366236613234613861326134376238616562353932
31653666326438636631626239303732643232663831383637396132656532383030613636666261
64343964343064393930346433346335613564616337393466313363306331623139636561303664
30643831653462373033636362383537346333376162626132336161363533326530333866613135
34316662316431613732333338343763656561356239653537613934633862376262643438373465
30313535646331333064363839376338383230396632353066313633343561383533616465663565
37663338633662623066656636643030383432383066633330393666633064653931663861393434
32376166353765353739666135306434343963363034626237633132393161356539313165633661
33613432393261333133316539393366326633353461313335316364373866363530333835383238
37363336346338666538393238613539613133356466303361323332393634636336363663313262
62356263613162333737313564303033643838333363316532363432646164343434336663646634
35663361643131303863663864636661313461643030366364383437623436326237616264656362
36333864666161653131656633666565636261336535353161653137393061653338353062633966
39303737303531366231663065346637363432333738383539326434656466633033306363356636
31366532376363646634313039333330356236666161333165393232663436623866393935343136
61613963646237306639656266633665363835383737316139353266353931313163396133316337
64353636386238323531353932643464376530386639326433363734653530383934346162623363
33356137313739343464666565356631386535376232376630383730653963663833356137346666
31343362633037653263343933356335326230366134646362306138356432353133383565656539
65626465383264376563636665313363663962653831343465626132333436376562343137313734
66353861313864303161356664663332353530353465393230616638666533323337633335313335
35363462386236383434346138393066643833616235663733666464623333313864643963643231
64376434616135333163313363363336646265383736363063653434646630393230653861313138
66643234303831656537316638373561306265653263663033323061333030343435373635633630
62383364623736613862353731383031363137303736623939623438643337613163653233306665
36333230306462636530646234353566656566653463633762323934353264376434666261636531
39366461306162386463396265366634653264333231356566323464373530373239363438323435
38376631643434616464623864393735623436653130303934656162666135386437636266623565
63623037616237666235313130383439613637316538313462323163643834633436613036653961
62316139656435633263396133343137643061396262313430396664356231363734303835616463
64623331616134626139623662633063373630333263343563336262313665363032353162643566
36616535383365656538636231373735323262323532353966613865363139643534383633396139
61383331306335323564333930626364313935656337613734656636616432613133333938396666
38633136333862653762633334333535303534353033633066376639396265616666386636656235
31363633653330346165346265623430313735663634313561326666363937336263656632353732
66386538336461373431346339626262643461653034353935636633613561376336346637346561
30393239613235646330316366643961343136306534303461383062353663613537373761303135
32626530636634616465633664366436306262316232623631616361393436393435386562396639
36333732633931393261633336666431643661646162643331396232326231626335306439316237
65643666373039616434376233393061326534643238353164323632636239663635613564393639
62653464386161356137393566323336316338303934343631633238653433306435393430643430
64666134303535623839346161373030643430323963353039386236373430356530346365666365
65373431626434313333633635393931346462623637663264393561633137613066343266616636
30363931366237356166656139336632303532316165623434643532323461613666376264363464
37393061306533343932626237396332396266663430393334623962353531646533626262663762
36306630653865636636323438393763666436383637386462366664656466626463393462343137
37663036313738646464323532653338616232626634326635303430373931653936363835633831
31663934303262353838663630333863316662383931666664316633626264393030646337633834
66306661663339373566386264643733333062313861633062616133653865326364313866366261
61666561393438366338393265323436316538663932656138303737336363663963326666396535
30653136386538346430316135666332323538363963663861633034636231353333643237343838
30313631653131313836366336333737326632326439363836343265313831656565663832666232
64633530396632363337623261373330363638643138366337323538336663626634616133366438
35653061366664393465333435646235613166653462666238326164663866666233373037323332
65366339336533643439373635646331663163366233653464356436393265303466633531353438
35643335396466376563613061333830363138336434313731346634643563396536303666623535
65643364383732646262356263326263366432613863343737656461343231653637316134613533
36663766353064616131303437666235366234643939353937313135306265653963336231353562
34306134616438633630343565633835343362666334623165636439363962613837613235386264
37613464653831303365313630336261326234353334613132656262316431663864376335373835
38326463303762633136343130633861373438666232346466393339376138316530633136663831
30366334646438313961396461366232656262393133613436653035303639613834636433323636
31393564326264316538373166306461396465353436663665316462366239333738383931633837
33633133383530396263346332363237653530643232623061333061653731303731356436373564
34666336643565323764376239303732653731623136373963333932643661323166343562626636
64313666616133386630336261633730663565333336366162633163656638363761353563303465
36356532656364623632626232623032316465646332393734366166343265643664646364386566
33343631653963636331626665386633663765326430303237306561616132343765356434346531
64383061373561343734663465656661386366393030326366356339353230343766623364633439
33376563666539613736333332333838613432663861393262366265373661333263346433326330
38323934353035656137326139376566666638396662643966313961373566303232306561396135
64616339626465663635353066653239666462613431386139383534636537386638366634383332
38306566613035663866656332313663623765336462376661616339643461666539303239373837
31383737386233383639663536613632363964643539633265323435653661303035333863653162
38643936643236333437353166356436303534376166623363343835356161636463643139636661
30373939626632343232656631333832366233383032313635393138663731666634376463326434
31343463333636643763653736373162613536333532333639323431393533353461646335623865
32636163353934653866356233383038623664333661613336386632343736636638366666356136
61623331626130363864646339316235396466623638646136376630386433373465313239623966
34643465346163383162636338633965346335653562313439613931666536666632303638633038
39396363333338663166663566623237303966303463326236313464356134326664363561623538
66396463316531396234363834316532376333326465383663396232663363326566353035666436
36363838636635613861616462343164373162333135313033313538396134666136656537666631
32386137636130356664646133663862306535303738653634626665363464373436623261383565
38313364393736653231653663393064326538643137656363383238636335633430373439356265
61623937626666306165653839353634313235653539646331666530666338316232656237373161
32656563373833643934323531373034626165653163373230373332336436303730343762623932
32376363663637663265666164623938303338386330336464653637363035636236343131353836
61323539306434666362333365343132616435323032346138626465643335376439623563653335
38343939303530343032323430353331633964356435633463643437326235396636326265386133
62643733333238353135366462623163653263306438656566633732393964626266373032643963
35663236353935663036316562333366616566636661353063636466623831633837333538386536
34353963653364373266396630356336613562333133356164383731343966383434313665633438
36386336616362313632353136646265376432373333656437656266313862353864626364653331
33643231376132366333313032303338373562656236303039306632306131663861363438623333
35343864373231616335646665666366336634666165343635363931636231323564646661656137
30383334373138323664373330636130393633366330626331343934616364323437333231616365
32363966323565343234386132663434643730633464313332373062333436613334363033383364
36656136333138326563633761613364646534656463663965303863363432393862396239643262
65336665386638643538313934313466346331643938663932353434623063356165336334306165
38323030636332663661373263643863653832653731643732663732313566653264626231366431
31643066326464316536386330663232386437666330633539393064613036383462326663623262
30346537386434383839363461366230636438633166396636303764653033386663653066326633
30643964373165356637323431336561643231623438363930613466623430383137303537323362
32643466313239653632333337646433353062393566333666396436616339356236396331623164
35336438306634323431326637363531663466636362333466643766653263333837356538383265
36323437663961646164643064653962663736613732396236663531613132323361626134393334
38656466636230336136383233363937346635646561313066346534396535623538653137366136
32343637313433303764626234636237363433363734656365393864643762366534393461343764
30646239353830303461633761386635393732633563663065303663643339396264646137656132
63323263383539316263353133313533636365363965643330333031363734323962353334306663
39346566653637343961343631653961663963613230393536336262323061636137316530303165
36666163363865633263353433663038326233646237353064333933343631663739633566316361
36623366303237303835333366363833643064306135373561386338623033626535323238353332
64376661366637393233313336663363356264346365613537303735346537646337346461333639
38396363613562303238353763363333353031323934363933653039353163316132383630343032
37313332636537386630336437366138616233616364306334313533626231316666353431636137
63636262363432326133323933396664393435343638363332633434643865396266383330643763
61366362376437653362656261323736313635656233346135333032643462303263623639323137
31613130646561333038353965633462383331363864376266303438346535666166326335626132
61653233356239656239663036386166343032663066323163323463373132393962313266383533
30303765363839313266393730636133346630336266633236393165363931646536373234303463
64383662383561616634653161653130643965386364623235626665333566643738313734353030
63656335666364636232376566313837373031633035336132646565376630613962306466623931
39303065336436323337383132356165333433666632616166636436653663616239356262626132
61383365376234326331633965623335376631306662333130303437373638616162366136353433
37666361343234316230616263623638313065633834336266333066393862643138393163346366
38373064343837363833376235373965623535653966343534643230373435356334396136373638
39623334333964666330333939316431653639343564363233303035353266363339623364366362
33663562366638363661306334373364663366636662656461333364343232356261303365316164
36373166376136356633626631646461656531383935656661613235343130303035396136313638
61663065376538623535306665343266353238323133393335353336376633633066303662333130
33663261356166666533656531383935396266316333663830616536373537333963633932336634
34646661386261636265363236313866366432346335353465343561643564343431393839656365
30626262653932303338323233383238666336666463653230346133343764363831653936376336
39656136656230653364663234656561393464303861653037656237383366313433383939633935
36646236633265666265636665613061656135316630656231623535303033396137343236336335
64653465346437653434336536326634383536616636373932376534303266613634323731393165
64326138383538386366376433646465376237616331666435616431313037336136343063396639
35636139613165666434343066376239396462383038343631313364636661646363373438393236
33336132343862363033373135643231303330623937363766343032626566346635636566316235
33363762396535623663346263376263356633616533306339626331353365353331323462613234
39386563666461616238623964613836633131616263313262356364666239663838616665323362
64633030366632393166353362623033376561376262656336613532366234373035323166346432
62323966396236636363613839353263323866343537636333323764313963356663323062386238
38653661393664636664636366373235323663336435323431656431666666653435616239366565
31393036366638666337376337303135376332323761666365646564306434353162653563636338
33393538323136643765636563623633343233333765366463306661306336363339646438663363
34393732366166353338396535333861346137306164363539383432366432393135306236306535
31626434306635373661356166303162306638396562326632353664663431323965383937653562
63633631336164373235333565363864353734373965383733633934626531383261353839386633
63646666633565636161373236366334306166646136363432393563326538303064366433636536
31663635363834626132643537333932353034333638666464646262623639373761643731633232
33313061386432653031646262313339643230333564353130303934393138383330383861653362
36336631306364623038393062393963653964316462653562626164666432306463373164343363
35633832303633626364366365653933373765386463616439373265326336306635313738616266
61633130383733396561356365386433313466313231303633333262393363356162383239353463
36306466366237396662666265623263376337653136636139653534663665303436313430633034
33656362393262633965373764383266343337663937333336633832643238643630353665323936
35363434316534373131396430376433386639653864393963616666306662643764346133613931
62343639616164396333636533333161376233653566376537313863633633373334306231393631
36323337396635376530386538333666363037356334643738383962653763303832343364336565
64626234366662353638363439303136316132656566333664623666313233646439373837333035
61353561333430666436386533663761663833616266623533643363663637633637643536353666
38313764333430393231643264313461373665386563336235643665303737663134613666643265
64333161623136323166613439643938383662396534663130633638663632356536346332653935
64343335393461653831316436653032616637623034613232306163346261633438373435623465
62646466333666366561316631353536636461383731373662316232346534326233353562396534
62376236373730666339333137393436653066363663316565613437613163396632663432653364
63363065363834363530356337666233303436336339383833393737306261316330653066663363
62306137636464326461663761616236376630633437613737343434633537313761376234646335
36316632313865373766643938393466303637336631643330363362373563363561356435653437
30316265303561306563643861356334306436373539646535616362376461636661306465653637
63316463626336393734393366626539303961623535643365653566333563666362376636386634
66666166633039643562396261613935386138626564643263386635626434343830373438303537
30323061333234303937616139616165326333373265303263383832373232343466643430646561
63366631396266646432633839376438316164383331623261646566306133396535663739386531
34396265623366313739643762663162663237313433356337363666613231666131633765666439
34333432363939663062376361643965396138343361303233373832383266636131393862363635
66316532626231343861666533373266653237303132613762663336356630663432636664363961
34343837323635316637653638366264323063646436343531373939656633376138346662636430
37383337343539393534666432393763653830376161326530626663333334396431326637616336
64316531623963666663656664306239313232646331343731303263323465303762333539656438
32633435346433653437623333333735373065333430383834643066363237643833393136376531
32326539633961326537393231346433316438313662326634633633356666343137363964366632
33663833306262373662643063393335376438313139336664633133353730356264623138383966
34636637313465326633666462356135633938613465373530326361323564393030303336656531
35356630636565353161316634396137313366363336396262613065386138323337316439633938
62656532376134393634376466633732373539633530333731623238396333613031326665326138
39366635633561653566613631396363326439643032333038313865616135303562376139313062
32303763643436356363616133373632313032643731303061653738643265353435393236616263
33366463316231613834636632376635333664383162626336646562323738373834373764383465
66343236333536626532373733313536633630613261373161376462323934336333316561326631
37383139353830663263346630346437383065613633343131363466396634346663343130316665
32643330343465376339343862383565366638633632356339663630313631373064386338623961
64373466353439643862333231366338656231393662616532396363303565313932663162646639
62356232386261353334666563656134623134303135353161336562353532363133346334396463
64326665343935396231323133383335396162613338396536363932393161396262393137383639
37306638313330623064613166363462326436623261316130633234643537633937666237393235
34656465616264366430643363373935303738396230623830343062653231623635383766336130
61306461373930373633653235653762663436333335616466343938353737363532393932633335
38313235383830623939373531303333383232333964326466643436393432633036376262323961
62326538376262353661616133623862323037376131336438633837353762623964633461393334
65346333326638633133636535323463303035363732336236306331346430333039303632643933
38336431393538636236376431336533316339306639363133326465643230333439653462373263
61643266643533653631326165363039646261333233353565616435393264643436613763663832
62326662326366356563656165386664313861666133386536656335323162626562623337326561
38396639653566326135373634666262316538643434623836393363326239633233626636613130
33646364336236656233636337616135383136323630643966336438313838333938356639376637
30656662333734643665336136613932396635636464343135656663356362333666633165643933
36323233336335393563616433656236373730613233386133656363336331343231356265663135
37393139393065646432633535376566366233393431383964626661366434633839646531393432
30636262326236303937323337626337623332613662333230383937343435303739346639313132
33613139313331643135326563633930376565333863663830356537396462303635396161663363
35663430383239356264356664343864393363306261313433623561393038376462323934623039
65623866376537363938376137343031373862373264393862636238333336333031613063643263
65633530646435356464333363616338396231343464396334393762313338326636323134633166
35663539636131333162643965303863313436366637343633363862643861363239663138373433
31616163663662333134336564323039316631366464393332303162653038326234633533633035
30343834346464326463383065636131323261373437333934623065666266323366383034613631
34346264383430316163303939356664323832333736663966343538383331343939386633656235
64323533316637663466386638303763616433343063396136346331346433646338623530396132
34316562376234643335336133623764376162636332356366363537393362353534363863373030
62613966353230393463626134383262343730656534613664366332316637373863646262653832
38313738306239326636383339623566326436616331313638346232646361613337316363383436
38363561633039306630333932613865376134386336333963633937326331376539643831353539
30343666346464383665633438363630386530656634633330666131353736303666383165643265
31623534323865646362323362326563613465333138393365616232633736623033373032373736
37383339616534633164613264613465646366306563346432373736343764316464356530353362
65663030636234343465363433633238353438373234383832363734303430376639306631373263
62643333333063626237646665363464653234626263636662653939643462643764343235616130
39653362313964306230303863313333633635393532333463646330356237643838623461646437
32363439343361633931366161666136643164313630376633623865306536393437396666633266
34303862636337336266323435656239363531623063306137363463396666356265323863383163
34633636326664333833643938313962346337653834393733663635306133643033643135643539
35333465386533623332373263316636633561323435343465636463633830613863393136616232
34356639333435353533303933616236333963613265656633666362626361623433643337346563
37343934623137323165306563316533353538356133373034393164316262356437636236643335
61363062333431333162316535666466363061303930653765326363303231346135643234333963
35366632356336383762616238316334666433333038313464393332383734336161663532636136
36646564303565326263376637393035396666373831396561363331626434303333613837366264
63653339326663396336313335366262663366373664626338623937333563386437613938343466
32343965336461393263633534653833376336356166323135303336616430303165376266626263
64653630346134396634613663636332626434643263303131623863353335376434363132613564
66303630373831623338333735333865643831666331623430316163646630353162613366383839
65356134333934646531373262313530646261353038306635633363336330383638396566633033
63666432316266386463346266626366393437633332353736373039643130626337396133366461
33366432303038613237383038373834666466393066316631393738313864386232396333323462
33353763643263343737373537303135613765636634643563396466356437303662353736623433
35633464333362666661623436323937656266326434623233346563343864656364666462356639
37356164346561383434386566373436303565343531646633653164646463366137316438633062
64343162376537656431376461386434316264303533363032656435353036656264356361623963
63363036653466326237303431353732303332653532303732346635323963613437613035616236
66333363663265316638323365383265633632613838336266653038346436333031303637303966
33623537383762313864636466303764663030643737333162396131313432376635656637376462
37303837623465656231303436373234316237386138316333326631323166393837393762666530
38326236383139333962643535623537363435616233653036366666653138323663623565376637
31666563353866356336336234393835353766343234333637386363323839323066643966316361
64336164633536376364663166376162366164613136363364353663383863623931646363323931
33386263326131306135666464353438303238303439386132333837373633626630313035343337
39343737623738663933323638313538303263636564666137386433663035313361616566633564
61356135616261643764326362666632373766343637663337326364653231353162613333376362
62303238356235363832373263616364643166373338356132646633343563633734633261323865
39336334356136363834366538313234613330653762353231636230653165653963653731396230
38333436363561633735313766643333653431666536633366646561326265303632383637393966
36326238346237666439663031333439326631643435663336323361313861373839333738343230
38663062313363626264323632343630313435643531623038386163386363323263613666393139
34336139623432333866663930346339663132356334353134653065313334396437383434616463
36323966646336386131656166366364616536383661656233313566633831313935303631383535
65376662663066616262653866656634646564383565373230666635373539313364373233663562
33653765313362353962316162336564643663626363323935643266386266303537356235313239
64663730363166623734303265646562643637663266333438396264316666646132393463323337
63343635653161666165613065613164663833343839636664656366323732663063663362643365
63646531623964626337663262346635363837313866383364656538633037636135376232343937
39613666353062643063626264313336633232666331373730653561663664383039376466313433
36363137353830366636306435623431316233363830366630613939333664663034306562653537
30663332323131616663653465336435643537373665313763643330393630323161366435653262
35373034303433316164363036616435373164353863616462333538313937613034303262633437
62363131353864376662643038356133373566666238366536613837656564613932386361396637
32383433313262633037633665396439313231376438643964373230303238386237663137633534
65373531303632633637663534393934306530626433666262353033653061346639373435333766
39386664346636633564303639363836636266346264333963643739663339653866326539646564
63383466323362323833666237336239376561373238626235643862303566313163313833363565
64393564343433636462373534643165376233306635313065663663623533366431343732373936
62323265613363613432346137393662623266353537653165313565623566333332316531323762
33656163613536336663333037393233653665353135666562346262613036373839396139393934
65646139363334623339363337356561346132663232393539623735303735313766656638646133
64336236646331306263376362363862393661633332393235343230663834336439363434623365
61646632356162373566323435313363366362313933666437343037373461643531386164386261
37346234373237343837623139376537393035343731333931313762616334353337666535383362
35316135383631316439633431656261666133393366373366626631663132326438303331613731
61366430306363613166386233656365656263383236333964643132343563643531616562633639
65373830373235366665393764663262666631376462643166306236633766633633346435613431
63643139393862383433663034393430633932643036646631393865626265313633626438356339
64393537373533363330326665396330333833623933346566353166656466613961663333306364
31666539646563623465346661363662306164656537353332363466343537386261303735346165
30303437303231396661313863363730306261353962306465653632366531396666663634636131
37333362396162623834343839316139616666653039386266346661623137303737313539626337
30626333633764366365653365326331376262313763313837383631333332343039633136663361
30356135303137623663613562666561366330356131636134353233376166303966643838613063
64393763323039396537316332663635616532633837313436646139663230303461383838656439
38386333353938323265316135343830343664376338613831663063346562333166323964353362
39383731363062356432356363376633396633656333643533666334626335623130656235323462
32353961636537656164316263393839346633356161383063316663366665313166626239303835
38393465373962373565346532323830653733356233636565303532393731326535323330333739
65353339316334626665616334373530353664303833666336623762646137333432343330643534
33363335656431363336356232653363326363636266343263363532386566393532326664313732
32613465323962363432666266323433623035626237636162333232356464386137613965623938
38313165613035316133326565336132346362343530313331303334316437363761623132333761
65326231623330333837396435396466373433643137313837653133626332333565353362333630
65353765633461363430333237646231353266373766363064646634303936663037366137333735
32363137386134363163636132336339643262373536346364363238303039383736326430303633
65393363396432333564303436633530333437633830353864666235393165343635336561326139
32643962623533333134633733376462393362323137336363636337346663333038623661666130
62396333376565396537373033666463396637633364613631366236643462653735633962666131
65316534643031376234343432386433656237653738303961373037636239336635646633376133
31346666656535646662383565323031343337313761633933383632616635323662643739383766
34346665646463653235303831303531653761663336623536666439653238346631376537333230
62353261633261393166313762396536653738613262633866336638303564613035633437396230
31613230623434366236333533613139366430373964643836643338326636313639366231376531
39613565653133336162363433613964363034346463343766626263333365393066663930346662
38653134346639326639666663633338353836303361393564333632616237363531663432336436
62353638346431623165353633366464613161623764363964316230306234643932383835666336
62343835306538396631316238366264636261633562353263633433626532336664353662623837
66633462313130623832633330336537393765343930373636363131303032303734613965646439
62643466366564333738306238363066323666343137373662396535353263646561356438656438
39336331326561613932366130343966306562656261396230326332393930636163323366643537
66313630343136306339363064663834366433633937303730303736663232633632323964363238
30643533373932616165376130333963396362383735623532396664353337336566646435623832
36396439363039326661366436313932323262633630323064656530313930613535656361666566
38616434656336636132643733613030623762343532303036663563366266303938656330393336
37663039316430366530663466383433663835366133323162313762316133663865646262616664
30643037643962646238643965646339346536343131373066326332343636313139666665396466
37643837396434373264343364343034666362633835336230646531663833666335323332633634
39383365643334356639643739333330313235626335643365363136636136396565666363343264
35633131666661653732656535366261396262663963666632333336666566646362383231643162
38316666326433656632383163643633643534616162633865353161316638366366616435393931
61616462643562333333643762363266316538386334353135643961613536633137616535643639
37333332326266623830346332613461326433666330343264316338343131313262316333623737
33656230353261626435646466653434383563626562383334376638636361653530343463363761
32313565333531626435303130366232616138333037663830633734646236663037316633643462
30366161386332363565646662346465373730343030323734383935393134383363663631633533
33363732303737323466616366323236363262643665613735323134336135643830323365653932
30336661313032643032666630326631623732336433326637616635656632396632326631663634
63616464313630386462343633353061323563653535346337653561653034323338313033346463
33613866626462346333343632386566636137653766666638316232623531353736666439333037
34343162633137626430353135383935333138353435616539306235613436623130323066336663
35373161633130323431626231373164653034323035356566333036616430323931373164363135
65353362636638383130373234333162383638376666663038306366666534323437316531616664
65653737366463636432376632616164663762636137356361336437663264623761343136336536
37613261393133366664383631303864643266646633626630623466316535616134313832363361
64663438323764643665326133663262626664303363623933376262316137353063663836303231
65363963326634656431363963373466343765633763373064643564623338373933313631646264
32376436336530656263393938363263623232353330383036313338393138643633386662363566
66316132363763333734376461343036623463333266386636643830393934313832393265316634
39366436373231366165373566373466306332636665353032613665613432323166343334366438
35316566356563313234313832616564353862646236336664383832383132333365353037376135
62396461356337316261326432623230663735373437396162653963333565326232613730383530
32323339636564653261636364346431393939353264623063343064386636646130613236393132
66653565393831653338636232303238333166643833646132626365353462653032353234376132
36633238366433336638656239363236323734363262373932646533363132363966383734633963
61393137646566316333656332316538313138363237633863666331666139613037363933623638
62653137316135393333626635373539313532623665656335313333383038303638613438616530
33383638383732656363633466396636393066333332366634366536646564373133343262363637
32306331346537393832383064633265343335666139623139663461303333326565666666393962
31393033633766663665633130303537663266313466666438343834366262353432393463373363
35356130336133346230383166636234616164316565643831623665373032306466623338643932
61616166303730623938613838393635396635626562646639393036323138376334363462343038
35386164323262373761316265656262356439623634393433613039363262303232353236353435
64336134353535353661323037393136353136393938613263343635303831363339383563383465
36616366343338373836396161663139653632363531326430303034616534633761383966653931
66333864653664663338646462636561376165333132616366333036363130643334633966643066
66663131636138386362333138633666663236613535636234336661366638616136613431616335
31313631323634306663353531666439383336373838386332333937663263623335336230373133
61643864623736353365353231366666386539373234633333343661346239353732616465333163
65353735616236306464393436343935663638366265636465613363313939663462636331306232
30303934663735643761646637366164666237333531343038323364346235653735643065336131
64383465663934373331346564353136373838306565646465393163633763656366316332316531
34353162643639646564373964346538383134333630323234396365653365616138633563633935
3664
