$ANSIBLE_VAULT;1.2;AES256;sniffle
35396137376263316239373437386630396135393537616630363735653565316535316236353133
3063346336633135346365303162663131383061373130320a366539316431376164613766323138
34303330363930323839633334303330373562303061306330656366613936636632343363303265
3139376634643635610a363362326565623330333332393931383831376664303636646131396231
65636635646239663166353265303436636332623938353837356164366163363237643735383162
31383139386665346330636330323737326236636335613533663232653035323865313934333062
65336237303036396539623637396664386364306165313136363732663930326536386661646437
39653862343637393865343138666534313335386265663639333266333839303964663961623630
66636366623762303563376563396365336562353263353532623735623733303638333630323961
66343133626230376338626231613063303164376238613937643139633062636137656336366163
64343731316161353334313265636632643230643335336266343836383832396566303739643061
66393537666238306163323530343137633535383461313866353130373738353531383439333166
61356230663437353937376636643364613861343534643465393836613730353730626262303132
35623039646162626130373361396131373333613164393236333562333333316365666436336662
38303131303234343938653264316132663137643861373832376531363131653262346263396364
34636462346232646433306438383166313737323034396336336635373866356365613563636266
36633934346662316165626338343738353562363039366663373465393066336533336462353436
35356130643433636230656263336537363839393137646533336134333737353161663965343634
66356631616632646462636431653764313635313863326432656165323264356665376538333535
62663237303132623932623939393062363962633133356138323939633835653434616135643630
62666136343562366139636133366439333336663339373165323336393732653532616137343066
35636530373639663236663862643665666363653731386465643631636637343162396361373663
32643839383432633861366437363830613962633733663763393839316139376438323765626165
64366664383833376134373631633535653433306134396362323135396363616234623531373062
64336261376362326463333165333263336635383831303731666366663835626330636637666432
31613361313739306563313633663038666337373336373463633363386136643635343036363839
35633936633633623631623431373234383933613130353834393330356435616436346537373464
33373938646361303937656432613462336435646266653038306631663837386531393464633739
36626165636136313361626333363239346130336235346535343537663962323964313832313866
64343462386432373230383463663437373535343637623132343934376539373062396531643463
62616435616461643330386132373738306163613563653539653332366264353263306635376132
61656336373162613935383932303564323937643464643232633333353766353363313139646466
30613361393162623666616466626339356630633266386336303964366235643932336634366666
65623961313937626538346666656165333533623365323139363834623533333831353339346433
33396362313932636436656133393038643332366563396435353234653434383532353137373431
63323161613135323635333134393565353837393163663666663933623932653064613461323630
39333737393561323233623665333138623938353838636132396465333963383632626565353736
33316534626638393133656566653631336331376433643231663566303738373663366431346365
33313263666266313336613831363265376134363061636238643633663836316233343231613636
39386566336165306336636539333263346664323934663934366437303537333063643336653738
65383162353033643365616131656265303834633162373135333131623664643631333132363865
35306334316661653662616638393361653164363336373936643832336538366637636663333036
35333266373636373032393330396332643632663735346237313364323561343336386633653661
30616365383461353564353832396161633530613063396364356136373465643462346366323961
35343438333339653466313566363037666166666134396564303239653163613764353933336232
63666332643963306334643236386632343836613866333333393666353762383133636530666436
38356136353263313763343530343034366439373466613062646462346661363166633262636534
65313238303034313433656335613763333461383061383232363965623034383532613636323861
31396232653931636433633130663939393438343738383834303263633832333434336638333035
36303031303263303331376636616562393037343661663830666663373937363865316462396165
33336637313238336235613066366539373561653531653433366239396233353963643438396664
35333165303766653361646430373736346263363533643366386564343735316438303635363366
64616636636335303266623266333832336665326436646336303237663165623865653632353639
30646263356263393133663636623632316136656531393335323965343532656365396438633431
64373163386232623139646537643038646263663661613666393230636534333638396235636336
34363765613830396363653363343430383666663539616335653365366231663764613737303336
36353534316531333731333265323330383439363066623338366436636639656538396164613131
34613137643864353761363230346230653039303634383863386233643130373064346136653963
30616566376566313966366362323462666239396465633631366438316134363561613730313063
33623438656135366337633464613261636264633330616139356532616261626263303732666632
64396633656462663063643936326134643334386464663064643939343432363765623736633732
38303531363335383762636165333563343161643432653536663264633561366437303131376335
30666465333632623766326537326639316132326633393263633435656434383333336633396463
32343362663033396564306530663638356363333334393863656330393436393630646566396133
64316536396332353635613538363161666139613938393031303164643966646639333766336562
36636631616162336339653863376438303961393238303661656131623739666532613564303264
37373637623835666666323335643831316134333237616436353737353463363735373864383066
36363863373136316261323638623264616633343965626632376436633462373434623662626164
65333238643565313032326262613665356534303863646231366531623565616333613334343937
61363934396262303233343039303338626162656566396464343863363933656261346238353639
33613430383364343132323534313566616363643165383638303364613339393066646235366365
63353830386262323339323432303462373231393035333837613637643732663537633434666662
61353639363135656633666463363333633164396330363864313030626262383663313637653836
33616361343833336263306130633039326635336161623234386138353430386335333466356635
34626439313530366666623066353961376135333237303363393264346565626563653532633165
35386336303733643038353165353630356365316164613237393132333131626130306634316330
37323930313664383037323764363336316465616435613932333266626538356461316534643037
62666234613566333738373232626162353737633031356436653261386162633363613832353539
39643265333131353563313066656335393361646464663865323861326166663331316165356436
62373534363238646663643937303237306664333132643136666636663636336636613565383536
34313866613666353763666330643531393633653161336537363766393237643063333734626461
35336362393531643539353537363838343431343231653734653735633663383630333365616533
35313133363030666132653866336538663337323066386335653563613531373761666638363133
32333864383235356437613264326563623936626365316236396133306539643861336532356165
34313233636462336630613634643864366438323835353561313736353533333139383536643932
30663235366633633161343839333834363130626666386137303765343433643033313339383735
32393934616163376137633138316430376265626337343635356636653834386462386433656463
33336338623939396637623536623731633630326638313630373339363964663439663330626330
39373931363063653537306265323634336139656239393838353939353037626639656432366565
36333866646564313737353138343464646563346531643034326562333231396334643138363131
35356439396363323364376337366630643638663765353837323363346461393164656561393633
35656535316437323637316163663065353037326163633139613766643830366431353834396131
38326431623334373738396137303939373936663431623761363331343162346364383637626336
34396430666538306339376536666532326361343434316438653266386466313663343463373763
38313433323463336161363733666361633361373465373665616565353366353264303464343961
32623334643830643966336163346637383534323733346233343563363934363335363665613734
37636332376630363035633464623837393730333336333865366162343434313837623366623263
39616361396664656438653732346263633538393361633430306635623035656233323637376361
34323665323363656233646431626166633865343037623534343032333735376563316234356161
64363431373964353566396632623737383465333865623634643937653931373939303331666636
36343430653032666633333230303465353339336235386634336435323138356366343632336633
34363132336562623661363035333030333635363565386664343838386430356332666461616535
35353165626436396537396664393534373338346664616434353436303863336532613239393133
66653332396161343436656266663633646266656233356234376666376539353461626264323530
34336636623164313239346234383963653461373131396566613130393463393264353030333062
39333161343530663765643766396265616535346337366265386134636631373435316563303534
63313332356635613861616564356462393135393633643635353535646132396161316464643438
36623239316131303164326138333138366339366135303639346432323866393233633634656432
32666364656533353362663962343539313666396266626461613032643137356666343939363633
30366362353732623834323633373430353762656637356165616263623663313536383738333034
66383361396434663130356531666237306461326366613733623532323938313635353439613865
38636434373362623464633966363934663835303031373936366264373461353735346230393361
38333063366164313635303737303163343436393966393765376363633066616562313431323938
39633131616232336162613837323164346234343132353632623738313638376538656133346230
38313865663831646532326331633334613430376333313264616364353939393938613962623234
61643432326132646337346136346263373634393634363537363934303737636134306330643561
39356238663933623331643836383035613165666136633261653338343166633164393137626337
63396132303738363964343038613663653537353830363337656364666333373837396634653965
66313261303931356633346436363939393339643134323239323838633665633064303263303866
66656665356261393065393537653961323232653638356534386234393165643463393566346230
31623238333061636363623362376231653235383834366464613462623239643238633166326264
38633631333730393437346530313762336539346663333764623865653437323730343165313338
31623939363832663233316331653663636333346363376561376261623734353831636237363133
34636437306234643461663262653737343761343264616637393930323061343435633433366436
34306132323532323530303434383866356335366134663965666439643066616365303937363934
35626532373261356538663863623736336338636565366561643564353933373837653535373939
63393261316234306531326361646230343433616135393366346164646538656165653937363430
39376638343237316565356631383036396339373835306634303864393234663661333062353935
33653030613130636430616666343132353632636632663438376238313636653837643336303963
35313030323733366563656631353232306666316136336466373930343463346263333837643435
31633330353662656635626461333164666139633662656139383639373066396238303332303963
35323462323533626161656139303231653436363833626439343532353133343932663338663232
62393339333739366139303063663033613239646162323762393932343934333334386436346262
3065333138313432653834383063363730366163316235666530
