$ANSIBLE_VAULT;1.2;AES256;sniffles
63636137313831653137303830623135363765363330313631653362383034316462366631396335
3331393332383334623065396636663561333164356332320a336630663436643232356166643030
37363666333838373231613365363130393462616238353865316564363065323533366366366531
3130326362383838350a376666613066376537363238366538343233313235663138303065666536
31393262643766383538666136646438343663393532303662396138626139633832656234633162
66626332333839323338643963356338326536616265613738373037326537613737396431613931
64323036623665393732333164393761653961326232613862313462323731336437323037353865
33643664613165323765343363383164663962373661383766306235636538656535643834313635
36636130343130383061643338613064376538346464356161323232336564373861303933303837
37396666626164363666663230323430653533666533363566393262623835366339663963646437
61386564613461323531323832393366383035636436633963343134326362666539363761616465
31373933383861623063386566633363643636386435316339633166633435623035386561663132
62653463613630663630646632653963646638613433313865343932633263636661633638666533
36346137343038366561326237643561623036303161626131313833616164373537393066343032
61353334333063643166643435613935633736386331633239396632343836393261326163313365
66316136306530613161323064653536316461613534363639386662316630626462623764623530
35633866366234333064616339653830363735393866323230646236363930386339396439633061
36353036666338646263633232326266303137333731343437313034336466663863663838333330
65336138353735373430663330383264323732656232643138333735333533316238646163333166
33643930313935383733343730353766353333366537373138666633396462646336303233353135
30356139653539363564383936626138313132376265393430323537623634626637303161353737
37333236313731373432656336653734333165303163613432393935363239613236623965366531
35643365333437653938373235623038393566316431326664633362656336613563613231386636
31373534313164376233303662623539383866306337343538626535633736393630623762643039
66333965643130376232643662643834623836393938383730633863373064346435653835653830
61646366373665306533613136616565323266626630353965613735376336306561323662643062
65386530633539393136613065646234653238393461343034613637333365373162313663646139
35393633393931363236303064336133663736356230663032346562336233396538353036303866
66326161633934353335386632373233376637613866643361613636643561653037353438323737
39356130303836363538646163373130653034356132643234633163323264646233326434363139
38323135333836303330373761333635303062343632623735336233643930663235373965336330
39313336353462333963363562666234313634663762313535363435663132633961323862613139
66626131613035326263653033633637326266663633653434636139306638303134633063396534
39653930616363386330636532363634613461316137373437383662346135363237623335326565
38366261666461663939613838636134643833336462363339383763633033666238373832643930
65633465343366613833626661386631386666653065316666323764306466343764656633326235
35343237313262303735383139306361666537666531343838346562306661623063656262376234
32383334313463643838356532396362643935366634396565373732323462636536313065613832
36656430393639323062346636346662633664343638613233336263653333613361653239356538
33656434326330343236366635663033613063646162353461626165656539613366356636323130
63346564373662643938346464356462363133323931336263353865363638633636386662303735
31303761386331373562303034333061323133353330633066623730633231633865356166306632
35303030323039333865613566343262313637623761623735396331653363303864363264616239
39633566306563393862616630623235386564363865343135303662373831303162663663633362
37646264363565323037336564303365643664343231393461386562653830383761393632366533
35396262356562373634633865613539623033333336353735353637663832306336333338653366
33333035643864373236323662343437633531363363363831386261636564363835636339633131
30343639376161643831643937663535663937313863366533373763316431363964343132616466
36643564303562663663336631373231653366666531346138353862643561336663353137343435
30343162653839613836336366333563316665663737643331353363666432636464303262303237
62383435646362643761643432323238643463343832393132306530373530363033373133643137
62353537613231366663346464393437353435303463313437646461623939396234633931623334
34623639323166323836376536343933336562343830363031653238323461316136646539346262
38393237306261386465656332323766323532303537393936396239613937373563323962623066
33363039376564653436626333626332393034653462333866393635666333653063373230316434
33623336313366376165326263623063636461316533656531343636633266646563323932313539
65343365336133663966326362386330346166306632616162356633336435663130643661356436
62666334303339313533366464613134643936643462653634373534366637613833356637623936
34333334663532613735353030316639333835383435316265386564666236383736313830626438
63396634616464623337393563326536333731666535333963666630303530656633376564643534
65666462333839373938663835303431616136616166333865333032346666663138366164333437
39653663663066306539353030663865633936363763313961313836383563663866643539383065
37363238343564396562346637616561623634663064346233636562636462383766643363373330
30616435656235376161663761333738323666316330653263373461346237343438623533393833
30633063346666623435343133393234323430396334623734373335653831616634333666656535
38663937366334633935656266633262653066353062386139373935306530306661396636646465
36366430366162666632363032363337376465313663346364623239623733323239323865613362
31313636303561356664386665333235363464313538326566363232373039323965643864663331
36333538386461613234623232323462633765653231333737373337383064316233356164363630
39323761366338623839376466663934383861313236393732666630626539333832326536373830
66373362366437356537313132313561383364363663326136616434663365653537343538323730
39393366356363326531386261313066343731613263663230326232666331363032363161313337
35653462613131363330396232626130316637333065393763666437353439643030393132613966
65626638316436363330636462613235306630356532363463313732313762356337343161373862
61656538383163373163643861306634383561333630333236613032626136323834303161393432
35633936353263646435653436636131613135653136303932353862666535393339313333396432
66313234393664356337383634313164343465656363306530653161303063653839626432336331
66336235396634303163396531336438313966653335666533613362323139656664333963633439
36316639633036353966323831663433656662346133626434613231303833663032326434376430
65313766313264653066666163313638626437393063623237663431306166366138643732383238
30366665363039653866303933326239623463333533326431326562366131653264623430666166
39633461336232393637326434353037623839653763623731353262346366333737373130613337
30623265363965303837643064626338306430656237336363386139343535383031653935613939
35326232383134336665323332353938303230343430383664633134323462393662636563343662
30626131626232663362383631613063333931306639303739346136663134613933373933376533
62343736626431326438643632353865656331333363613730356532323138343964323039366530
36306262316639393563663864376264633763366236616466656430363137633238313266343663
36653932333161396162376633303234383133383834353561636564623965393462376330383532
63353431646331363963396461383864646230336431383437373834333164633439366638383063
66333538663465346138373230386465623165323537313466623035636237356233623239663762
35613031646138383731363239623539336461336539356637363035353461313137666463373136
30666437356238396261366262353834356262643430643839326465373239393839396438656564
34363831366336383334353735316330333031336363356333313634356138663132343234356231
35373234313335643961383230333265663234613834313039663863653065353033386437316465
37623461313465633131366532663732623464316336373530386539643261623366613962353035
31316136333866663734346566366637303365333564376135616366663864393664643933646139
35663838653735643431646364633164666130613339616161363764323061626361396234626162
30353535356339666136643339333566373964626165666438396633376566353236303363666161
35653431356133393635633362326663353830303834663334313239613034633363356463333366
38313038353233353766326134376537396338316437366232653633643330333665336466636139
37353238646330626463663437613537633832313738666463366662313163656132383837383063
30633461663838326366353936633434626561316236353833353233613739643466313266303666
62356366323663323231613433313933353335633265626532343832376339333830656630366134
66623866623930623263323034333936656332343739643166366436383533366238643730303436
63613162343139383366353035386432306335343466653661363865616437623765383537393539
32373666663736643635613366356266346565303437623963636232396530313764383833646161
39616565343561613361376363643131356331656366633530336265613435653466393761613137
30363764396639653963346632326336623461373533326532393733383235373465633464623439
35356339306335646664626237306564626565643234383737333536633339383462653333633132
66373563653637623964616165323536383039626266336361366231326337646333646465393065
64343732336130376238313766306237623339316238613766333264383033626563396461393339
64313939336535643261376638653363383062623163633261373332643162303130326666306561
35633665393332363864353230313862386237633062383438636336343337333530393364393632
66346136356263613366393466303037363639613037666235616538616663323335316531623330
65363334323966396661636434343937303835306537636532373037636466643837393737376131
39623635313232356437633731316565613666663665316235623063326339383033653239383663
30353437333032306233306537303635376361336439316531316636313738336463376262346530
32356434366639393234626130326337626232643461616164313261633261306632343431326432
34643230353938366666336436393238653361643265376236323465663633343766616536316166
64343538323965636531663332616635363334353035656135373965326330363663653766656532
66646535393935616464316562313332373066323934346664613332343835343766316365353266
62343733643238653833633762623765653066336537643463376136326237343539353964313033
64333832306137633265363134623439333230333237366662643565613235646637346562656636
33303233613735623739343664386532376432393364316263386263396434393061373864333364
62636262393438313738333339386137323763316262633065326130393062343162396361353239
36636632656334376663393836303161303162333162386239663362343934356164333062633866
34653864613066306666303465386166343132326231343362396635373330306433366336653064
66626165373337653137316536396432333064383032663333623736396464386163643066366230
31613433646364356362323364666662333333623565666330323965623138396538323432303336
36343465366431373562396639623061323066333737313963623236306430386131313361343937
30366662353966663962393139396261623834346436616237316563386236333231616434623031
35656661363031303234313662336135643464323133653163663838323362386332386439623065
66653734323961393331323532323264656233663335303335643863613439373132323132393436
64333633346630383230343630353630663335346562363838306438653339353332626462653365
38373632386333666235303235313139663431646361626662383664346436363532646561336137
30333861636232376637666261343762623065336136646563326435313133646235383965346266
34633237336630363865666361626366663539636331653865326539303932363732626263646233
35343434336364626563393561626234613966376633623664356337383034396431366662306333
38383239613433363132663262353930393661633239303763656239336664353462383931383965
36323262656630613835643130343237386562613264336564353930633832653939666139646235
37633235653138356165366331306234643938656638306366666138386164333330313964636531
64316363393732633162663131383666313832643266323962333661323065373239613963306439
62316136616338663364656465663432636163643763633034366365616539613861396230376465
36386135353837376661613131613264313434353531383262323435623833353236353163356361
35333837323630643234356361656231396662373661313538323833313231646438376333643635
39373632623336366235353165313036663965323735626263643064373231316362653437396263
38616163343263653466356231333430616664363635663039393934356463613731663237643966
64393633303031393366346265623163383236313263643864373034323332306132396638343138
63636365613437613836646638666537626630653330343832356365346334343738386264653936
30623037633433616166306261616462336463653562633964303835356265313537376234356234
38376261363463303532326433613462663634376138313565633530396238663734396131633461
39643337666464646634393737393463303032373532383965326666613262636638346565623061
64303064393565366438626231303037376261646264393635646139653437653464663563393937
66646631666331363864626662303638363933623134393166366437313039363436373931383937
32643265393638303637343266656163313236323530333331613565313639616563643261323538
62326538376435393835653363353839323034663166373535613637303861633136303031393132
61643433326163666364313539353837326134343935353539373661353161633531346165666438
31343931316162343162653066636532336463663165323332663566383962346166346232633132
39623463313735316362353033363932373436616638646534646437636236303162646664663637
39656434656235326434613866303462386538613331623737396662663136653033383165386165
36353836656163613061366262653564633634313661303164363135356438636262353334666562
61626263386133306364633334326662613237363632313562313333313932316638643633643961
62613631316232633731333063373332343831643766363361643733626361373436326166653563
35366536303537343433653264376234666531616564626137356164313636646239663764393637
66653761393739613832613236616436636436376564646361666539306234333561653262666566
39633163386139333438316233366264346263656330313332653262613431306338646338356534
37383736336237323461316361656130376636656434636232386131323565333339613538316233
64383931616431373264666162613262626163636466633934653662313163356232303838616263
62306231336430363162326161623033363563373966616334633964353032323737663132303139
34326662383663356166643566383139363161373935626339373761373339306132626334626332
63646635646462393563363665376437653262656364353634643534663931356439646133373939
37373132326537613962633330353639346230616135623461386662616564326332323232316637
62343364616264306139633966336333313239323036353138633739393134633539383736626237
37336433303536306437316438366238323235376165383463333361373132386263656634366138
64626433383365383064393161633764316665613563613436333638653638663163353734383130
32343837366664646430626465346139366130643065663138626431636666333861383733623261
30616162323364346331386634343861353032663036343262323237373830376234613433333836
33376538313533393534666435656562326166353838643935396135326632663734623436393261
65316464666663666561353038303931653734623336666433306465323038633830386230323233
63313166393565666336653465656639356564653762666665333536303863626661363330323132
38333964386663663336613832326138373164656133343933666437356230643732313638343731
34396566656230613934666361633033303166303061363465303833393638613736623364626462
66323331653666333539393039313331373033316365366262393136303761386364623432343763
62613034303661353030343635656133613761393733663861396265646666323762636338656239
64383337626266396338653632633762373131666663616564353034356262656466343161633234
37356231346563343431356365333332616364376331356531633661376137363432326334653164
35613536373464326234343033646536383737646163373833353331353138393765396466353635
36393766666463316430616463616334396539616333303539653933323730613261306433396433
65373933363863643439616530336236636132666365616638636339316362353264653065306665
66323732366539316465323331393965356564366634653762343334376261656132646138663231
62636263393939323461313661343533346537623532656266343832303736313364383565613362
31663638313766313866636437316437663562383538343936656164356338346339396563323433
63306232383536633333616630613766623230646261323438386237646261613565633866326562
36623032303762316639346538353063393962623738636264626333376432653361653837313436
66326134386637353961623834636131373537393534383433653130346263613535353639303664
39313234343664333132616166663864353566636535646633336535623862343937353062666530
34363938386238303931636165316364373335633136616333393265356233383266653634396334
62303532623434383439383437303161366636643331333439633537623462356265366665396231
66393833643863386437623466616139353964326133306139373663366137303530356636326334
38366235316339306338636533316663333139376461616264353565366463613564613837303661
33653232333330396462373634393133626336356332366166336463323633616530373439313735
35653936303463656331646339353165356233373038653061316663343833656638653065616561
65636464376534643234393837613463613365633634303561376439343739346462336661386139
64313661623432306665353835366266643865613738333537336431326365373264306364666531
33653536313730363734353461323464363232613432366232396136623263373734626163383262
63626464623431623332663838656563666434643531396537646264666633356337316264626236
36663636376530653333656637383265656133336434336332383138633236623838613136663533
38353832653631633933373138306664363538656536306636386461336433383161343933393563
62656536373332633962383537623131626132333533343937663133343836376663623532363037
65343761623433323639376566306232326264363362396138306466346532623165313566663066
34343961363433386233343334623437313332323639396465346135333532326262623634333238
35386330373834356433363738636638313038663035313763626539326136316564366562343061
32386330613462366635303039303434373165376565653931343032393232303563626564633763
38623336666131386265316561643538323636313736613061323834383165623462623033383439
32626466656131626338333335393636303337333866633065303765373438666630633936633839
61313435663466633864323134616465333438636634626535356134346339333162353033326264
61656662313864383663333131663261623836383165643631383763653663326231613738626133
35346336313466636532383965646536303831633835306533383539626137363463643862316334
34363062653063623938666232326133653664616238343934313735643861636163303464396138
39316536386163333261373435353934646264313437613332613431623263303363376163323761
34376139373565613961323966356236363631663131343334613362333665323133313064646566
66376339343138376264383366626237313230303136316534336131363165353530303436373563
39383965366436663866383337346364363235363937356533393364333661303064666166353766
37396363633738393763643965353932623362383439663864353565326463636331366163373838
35353539343235386232393762666463646636323865323638306431343239653337353231623762
30343633663566386632396564343030393562303732313034326234623039613865643463363435
33613562376231613130363931316565366237666234613431386636613966663638323636613632
61326335396436333865656661353935373537633436366531386636343631343838663233396434
30613738313139343835333337306237633137363433306239356631383461353235663337636466
36343761363033656136323630333739343365353539363766313663653561363363383634366532
65643962616166366566373433656632666134643233323865613063376661373163363336376166
33646435633634663433623531623837356265653735616562346361313561643163323930306531
31386166623064313634613162396239366434633935656265633863333139396262306230636362
61636363323031363134663736616333653464303039663662333137363033353739363230323136
38646537363232613339623563656136613066643963633238336136663161613265633661336462
66656539623338326265363266633431653033613531613230663236316630316166376636653763
36616132376631373538316564383333333565323733386562343566343831393565346637346563
61633036366665613531383638323264636630643834316163373339353264666261653437356332
61333439336435613831633238383338623165336233626638633634346665303431356564323037
61303135313266626634653664363935373664333665393835613836636134623862383930363534
36393233613538653362306536656330373132393665636330313339346663336563353135373465
64343035333130663232306161336234663833376238326362616633333661373162363262336632
37323334373961393630646535616364313932303035646664633965303036313966396439643237
35316536643436336232643037386166653364663332653066613230333533643565613965646366
37373034613033386134636664636239323833373635313732613531373434393065313264383761
33656664616666333863316633646563326163373866323432663736353264376365656664313631
61316332353764633636656334623937323335616237666164666431323064363735346431633131
37393666336434396137326534396638653636393763313332343232636365373461663536646631
33363136316335396231333863626530613738613166306430363735366664343232336466343865
31396661616335353135343135623266616637373037383464396664646634653361626532633864
33383662643037346535653433393630343365663565363164626238373134353334643262613535
63653131646264343735343437663836646530373661363936633034366362666437313265663230
36623634313566653061643735633237396464303233386130663564393730323866396266303464
37373831663964316139633261323733383036643065396634326166306537353231623439303939
37646366323436376461653835313731376263303963316232363332623739306636326461626366
32653934656332363864653463336330636665653536376238623230326661656130663832643437
66383262353861313431396464393332623838303464333064663463323131366566303138333231
66383237306464323532386138653530313730333265373432626137366265363730336537633235
31666632323831353436383234393437623633643033343133383432383963633264303566653865
64616164626337333134353530356430613239306166383464373363353537333831613532363434
38363864623436316466303966633731636538616261663137323739373237663135653037373133
66383634396234653037323530656665666161356566313434366565343135326662643238316263
64393232663232393663336266396633323233643539666132303939373335363838656362303537
61613563326531646661333135623538666234396631656339363539643262653138623765376564
30366337353162636638343532306432353833356533353631653565303234326432396236336564
66316533343039633638366534303337663062653737376134653036646562393831316239666264
32393039316231353166343664373438386337646366313735626435303665383533333865316339
31336161303137393231666261333764623330633463623836636162613235316236643565396134
33353537613333656662343666613962666365343232613538353963643834653234
